kinematics:
  shoulder:
    x: 0
    y: 0
    z: 0.0891828917080084
    roll: -0
    pitch: 0
    yaw: -7.635522659998425e-07
  upper_arm:
    x: 0.0004178899528276577
    y: 0
    z: 0
    roll: 1.570381823803082
    pitch: 0
    yaw: -4.144136250255317e-05
  forearm:
    x: -0.4253710977374069
    y: 0
    z: 0
    roll: 3.141354515872143
    pitch: 3.141059292882232
    yaw: 3.141514274959367
  wrist_1:
    x: -0.3924066482455899
    y: -0.0001809752318511985
    z: 0.1108358078725201
    roll: 0.001632821328160499
    pitch: -7.32566396280903e-05
    yaw: -2.87068200602063e-05
  wrist_2:
    x: 9.849472041095344e-05
    y: -0.09485777952605624
    z: 6.900157696938243e-05
    roll: 1.570068905542327
    pitch: 0
    yaw: 7.261081649451428e-06
  wrist_3:
    x: 1.017225153751899e-05
    y: 0.08250622145482352
    z: 2.443771009688353e-05
    roll: 1.571092519117746
    pitch: 3.141592653589793
    yaw: 3.141561850191784
  hash: calib_9202854449480512686